4294967279,305
8,679
8,678
8,677
8,676
8,675
8,674
8,673
8,672
8,671
8,670
8,669
8,668
8,667
8,666
8,665
8,664
8,663
8,662
8,661
8,660
8,659
8,658
8,657
8,656
8,655
8,654
8,653
8,652
8,651
8,650
8,649
8,648
8,647
8,646
8,645
8,644
8,643
8,642
8,641
8,640
8,639
8,638
8,637
8,636
8,635
8,634
8,633
8,632
8,631
4294967279,304
8,630
8,629
8,628
8,627
8,626
8,625
8,624
8,623
8,622
8,621
8,620
8,619
8,618
8,617
8,616
8,615
8,614
8,613
8,612
8,611
8,610
8,609
8,608
8,607
8,606
8,605
8,604
8,603
8,602
8,601
8,600
8,599
8,598
8,597
8,596
8,595
8,594
8,593
8,592
8,591
8,590
8,589
8,588
8,587
8,586
8,585
8,584
8,583
8,582
8,581
8,580
8,579
8,578
8,577
8,576
8,575
8,574
8,573
8,572
8,571
8,570
8,569
8,568
8,567
8,566
8,565
8,564
8,563
8,562
8,561
8,560
8,559
8,558
8,557
8,556
8,555
8,554
8,553
8,552
8,551
8,550
8,549
8,548
8,547
8,546
8,545
8,544
8,543
8,542
8,541
8,540
8,539
8,538
8,537
8,536
8,535
8,534
8,533
8,532
8,531
8,530
8,529
8,528
8,527
8,526
8,525
8,524
8,523
8,522
8,521
8,520
8,519
8,518
8,517
8,516
8,515
8,514
8,513
8,512
8,511
8,510
8,509
8,508
8,507
8,506
8,505
8,504
8,503
8,502
8,501
8,500
8,499
8,498
8,497
8,496
8,495
8,494
8,493
8,492
8,491
8,490
8,489
8,488
8,487
8,486
8,485
8,484
8,483
8,482
8,481
8,480
8,479
8,478
8,477
8,476
8,475
8,474
8,473
8,472
8,471
8,470
8,469
8,468
8,467
8,466
8,465
8,464
8,463
8,462
8,461
8,460
8,459
8,458
8,457
8,456
8,455
8,454
8,453
8,452
8,451
8,450
8,449
8,448
8,447
8,446
8,445
8,444
8,443
8,442
8,441
8,440
8,439
8,438
8,437
8,436
8,435
8,434
8,433
8,432
8,431
8,430
8,429
8,428
8,427
8,426
8,425
8,424
8,423
8,422
8,421
8,420
8,419
8,418
8,417
8,416
8,415
8,414
8,413
8,412
8,411
8,410
8,409
8,408
8,407
8,406
8,405
8,404
8,403
8,402
8,401
8,400
8,399
8,398
8,397
8,396
8,395
8,394
8,393
8,392
8,391
8,390
8,389
8,388
8,387
8,386
8,385
8,384
8,383
8,382
8,381
8,380
8,379
8,378
8,377
8,376
8,375
8,374
8,373
8,372
8,371
8,370
8,369
8,368
8,367
8,366
8,365
8,364
8,363
8,362
8,361
8,360
8,359
8,358
8,357
8,356
8,355
8,354
8,353
8,352
8,351
8,350
8,349
8,348
8,347
8,346
8,345
8,344
8,343
8,342
8,341
8,340
8,339
8,338
8,337
8,336
8,335
8,334
8,333
8,332
8,331
8,330
8,329
8,328
8,327
8,326
8,325
8,324
8,323
8,322
8,321
8,320
8,319
8,318
8,317
8,316
8,315
8,314
8,313
8,312
8,311
8,310
8,309
8,308
8,307
8,306
8,305
8,304
8,303
8,302
8,301
8,300
8,299
8,298
8,297
8,296
8,295
8,294
8,293
8,292
8,291
8,290
8,289
8,288
8,287
8,286
8,285
8,284
8,283
8,282
8,281
8,280
8,279
8,278
8,277
8,276
8,275
8,274
8,273
8,272
8,271
8,270
8,269
8,268
8,267
8,266
8,265
8,264
8,263
8,262
8,261
8,260
8,259
8,258
8,257
8,256
